70	700 701 702 703 704 705 706 707 708 709
2117	20097 20098 20099 20100 20101 20097 20102 20103 20104 20097
2223	21032 21033 21034 21035 21036 21037 21038 21039 21040 21041
3178	29464 29465 29466 29467 29468 29469 29470 29471 29472 872
3417	28159 28158 31685 28162 31686 28163 31687 31688 31689 31690
5193	23454 47647 23455 47648 47649 47650 47651 23460 47652 47653
5258	48185 48186 48187 48188 48189 48190 48191 48192 48193 48194
5401	49355 49356 49357 49358 49359 49360 49361 49362 49363 49364
5711	22038 22041 51962 22043 22042 22045 18596 51963 51964 51965
5712	51559 19245 19246 19247 19248 19251 19250 5952 19252 26357
5720	20414 20413 52011 52012 20416 52013 20418 52014 52015 52016
5724	52042 52043 52044 52045 52046 52047 52048 52049 52050 52051
5726	31993 52058 31995 52059 52060 52061 31998 31997 52062 31999
5732	52103 52104 52105 52106 52107 52108 52109 52110 52111 52112
5741	49066 49067 49070 52173 52117 49071 52174 49074 52175 52176
5756	27154 27156 52267 52268 27155 27157 52269 52270 27163 52271
5880	11628 11631 53109 52893 53110 53111 52896 53112 53113 20034
5900	2158 2159 2160 2161 2162 2163 2164 2165 2166 2167
5948	52098 22859 53577 53578 53579 53580 53581 53582 53583 53584
5983	53804 53805 53806 53807 53808 53809 53810 53811 53812 53813
6073	22131 54442 22132 19251 22133 47341 13608 22136 22134 5959
6109	36662 36659 36660 54699 54700 54701 54702 54703 54704 36663
6131	44918 54861 44921 44923 44920 44926 54862 54863 54864 44922
6301	56106 56107 56108 56109 56110 56111 56112 56113 56114 56115
